kinematics:
  shoulder:
    x: 0
    y: 0
    z: 0.089090334994057122
    roll: -0
    pitch: 0
    yaw: -5.8168834143823256e-06
  upper_arm:
    x: 0.00017372614543873592
    y: 0
    z: 0
    roll: 1.5706472163219345
    pitch: 0
    yaw: -7.2757854156613191e-05
  forearm:
    x: -0.42512898606913341
    y: 0
    z: 0
    roll: 3.13906348829213
    pitch: 3.140690653063531
    yaw: -3.1415427771194464
  wrist_1:
    x: -0.3920350958499334
    y: -0.0011583488199067727
    z: 0.11082643979779451
    roll: 0.010451537056012547
    pitch: 0.00064397894606580981
    yaw: 9.0086121104677655e-05
  wrist_2:
    x: -1.3056886972846597e-05
    y: -0.094898662107503445
    z: 7.792123551051322e-05
    roll: 1.5699752275689598
    pitch: 0
    yaw: -9.1547712070207085e-06
  wrist_3:
    x: 0.00012275047953784501
    y: 0.082606717667172022
    z: 7.6400827323551681e-06
    roll: 1.5708888142211777
    pitch: 3.1415926535897931
    yaw: -3.1415862606555121
  hash: calib_16512605330954030619