kinematics:
  shoulder:
    x: 0
    y: 0
    z: 0.089179078481060672
    roll: -0
    pitch: 0
    yaw: 2.4526309344236464e-05
  upper_arm:
    x: 0.0001951921945589179
    y: 0
    z: 0
    roll: 1.570802230914558
    pitch: 0
    yaw: -4.0267086207634868e-05
  forearm:
    x: -0.42496356173834526
    y: 0
    z: 0
    roll: 3.1415233932785935
    pitch: 3.1407058551532563
    yaw: -3.141525003965123
  wrist_1:
    x: -0.39206870548997119
    y: 0.00071467643436949949
    z: 0.11061016804332986
    roll: 3.1351315252687662
    pitch: 3.1413826874352808
    yaw: -3.1415467936769033
  wrist_2:
    x: 5.1756729859919318e-05
    y: -0.094983246457912882
    z: 8.1468477108197906e-05
    roll: 1.5699386128277684
    pitch: 0
    yaw: 3.5736628756184271e-06
  wrist_3:
    x: 0.00010574512498885414
    y: 0.082493020862279887
    z: 4.6008501672244203e-05
    roll: 1.5713540527263861
    pitch: 3.1415926535897931
    yaw: -3.1415471775245352
  hash: calib_13090732245191711039